Generation	Alive
0	92
1	40
2	28
3	25
4	26
5	31
6	30
7	38
8	31
9	31
10	27
11	37
12	31
13	47
14	39
15	55
16	47
17	55
18	59
19	71
20	35
21	39
22	39
23	39
24	39
25	39
26	39
27	39
28	39
29	39
30	39
0	94
1	39
2	37
3	33
4	29
5	27
6	28
7	27
8	33
9	28
10	35
11	33
12	38
13	45
14	43
15	47
16	45
17	38
18	40
19	41
20	47
21	40
22	42
23	47
24	49
25	66
26	44
27	46
28	47
29	57
30	60
31	62
32	72
33	74
34	58
35	68
36	55
37	46
38	43
39	45
40	41
41	39
42	38
43	38
44	44
45	45
46	52
47	47
48	51
49	52
50	48
51	53
52	51
53	56
54	59
55	68
56	70
57	72
58	72
59	74
60	65
61	68
62	63
63	61
64	68
65	63
66	56
67	52
68	60
69	57
70	68
71	57
72	65
73	52
74	47
75	51
76	47
77	55
78	51
79	53
80	57
81	62
82	58
83	60
84	58
85	65
86	50
87	52
88	50
89	49
90	52
91	55
92	58
93	53
94	63
95	58
96	67
97	68
98	69
99	70
100	71
101	63
102	74
103	87
104	84
105	79
106	67
107	71
108	76
109	70
110	61
111	66
112	58
113	58
114	63
115	61
116	68
117	68
118	63
119	59
120	60
121	67
122	58
123	67
124	66
125	59
126	70
127	63
128	53
129	62
130	55
131	67
132	61
133	48
134	50
135	47
136	48
137	60
138	50
139	38
140	44
141	43
142	47
143	48
144	44
145	39
146	47
147	44
148	51
149	46
150	44
151	38
152	42
153	43
154	46
155	54
156	48
157	44
158	45
159	46
160	55
161	48
162	48
163	45
164	45
165	43
166	42
167	41
168	40
169	49
170	39
171	40
172	38
173	43
174	36
175	38
176	33
177	32
178	32
179	35
180	31
181	31
182	27
183	28
184	32
185	30
186	37
187	28
188	25
189	23
190	23
191	23
192	23
193	23
194	23
195	23
196	23
197	23
198	23
0	101
1	39
2	29
3	27
4	25
5	24
6	22
7	21
8	22
9	19
10	20
11	17
12	13
13	12
14	10
15	10
16	10
17	10
18	10
19	10
20	10
21	10
22	10
23	10
0	94
1	43
2	30
3	32
4	29
5	30
6	28
7	29
8	28
9	32
10	30
11	24
12	24
13	25
14	24
15	30
16	24
17	25
18	25
19	31
20	25
21	29
22	20
23	16
24	16
25	18
26	18
27	18
28	18
29	18
30	18
31	18
32	18
33	18
34	18
0	96
1	41
2	26
3	23
4	19
5	21
6	24
7	23
8	30
9	23
10	23
11	22
12	25
13	28
14	31
15	31
16	35
17	37
18	47
19	37
20	44
21	39
22	49
23	42
24	58
25	51
26	57
27	42
28	43
29	41
30	39
31	44
32	44
33	51
34	46
35	42
36	50
37	43
38	45
39	46
40	46
41	43
42	40
43	48
44	47
45	48
46	53
47	40
48	36
49	32
50	32
51	31
52	33
53	29
54	29
55	27
56	27
57	33
58	25
59	23
60	19
61	19
62	19
63	19
64	19
65	19
66	19
67	19
68	19
69	19
